335.5798	0.44679
335.8107	0.44817
336.0416	0.44953
336.2724	0.45086
336.5033	0.45216
336.7342	0.45345
336.9651	0.45472
337.1959	0.45596
337.4268	0.45719
337.6577	0.4584
337.8885	0.45959
338.1194	0.46077
338.3503	0.46194
338.5812	0.46309
338.812	0.46423
339.0429	0.46537
339.2738	0.46649
339.5047	0.46761
339.7355	0.46871
339.9664	0.46981
340.1973	0.47091
340.4282	0.472
340.659	0.47309
340.8899	0.47417
341.1208	0.47526
341.3517	0.47634
341.5825	0.47742
341.8134	0.47851
342.0443	0.47959
342.2751	0.48068
342.506	0.48176
342.7369	0.48286
342.9677	0.48395
343.1986	0.48505
343.4295	0.48616
343.6604	0.48727
343.8912	0.48838
344.1221	0.48951
344.353	0.49064
344.5839	0.49177
344.8147	0.49292
345.0456	0.49407
345.2765	0.49523
345.5074	0.4964
345.7382	0.49758
345.9691	0.49876
346.2	0.49996
346.4308	0.50116
346.6617	0.50238
346.8926	0.5036
347.1234	0.50483
347.3543	0.50608
347.5852	0.50733
347.8161	0.50859
348.0469	0.50986
348.2778	0.51113
348.5087	0.51242
348.7396	0.51372
348.9704	0.51502
349.2013	0.51633
349.4322	0.51766
349.6631	0.51899
349.8939	0.52032
350.1248	0.52167
350.3557	0.52302
350.5865	0.52438
350.8174	0.52575
351.0483	0.52713
351.2792	0.52851
351.51	0.5299
351.7409	0.53129
351.9718	0.53269
352.2027	0.5341
352.4335	0.53552
352.6644	0.53694
352.8953	0.53837
353.1262	0.5398
353.357	0.54125
353.5879	0.54269
353.8188	0.54415
354.0496	0.54561
354.2805	0.54708
354.5114	0.54856
354.7422	0.55004
354.9731	0.55153
355.204	0.55303
355.4349	0.55454
355.6657	0.55605
355.8966	0.55757
356.1275	0.55911
356.3584	0.56065
356.5892	0.5622
356.8201	0.56376
357.051	0.56533
357.2819	0.56692
357.5127	0.56851
357.7436	0.57011
357.9745	0.57173
358.2054	0.57336
358.4362	0.575
358.6671	0.57665
358.8979	0.57832
359.1288	0.58
359.3597	0.58169
359.5906	0.58339
359.8214	0.58511
360.0523	0.58685
360.2832	0.58859
360.5141	0.59036
360.7449	0.59213
360.9758	0.59392
361.2067	0.59572
361.4376	0.59754
361.6684	0.59937
361.8993	0.60122
362.1302	0.60308
362.3611	0.60495
362.5919	0.60684
362.8228	0.60874
363.0537	0.61065
363.2845	0.61257
363.5154	0.61451
363.7463	0.61646
363.9772	0.61841
364.208	0.62038
364.4389	0.62236
364.6698	0.62435
364.9006	0.62635
365.1315	0.62835
365.3624	0.63037
365.5933	0.63239
365.8241	0.63442
366.055	0.63645
366.2859	0.63848
366.5168	0.64053
366.7476	0.64257
366.9785	0.64462
367.2094	0.64667
367.4402	0.64872
367.6711	0.65077
367.902	0.65282
368.1329	0.65486
368.3637	0.65691
368.5946	0.65895
368.8255	0.66099
369.0564	0.66302
369.2872	0.66505
369.5181	0.66708
369.749	0.66909
369.9799	0.6711
370.2107	0.6731
370.4416	0.67509
370.6725	0.67706
370.9034	0.67903
371.1342	0.68099
371.3651	0.68293
371.5959	0.68487
371.8268	0.68678
372.0577	0.68869
372.2886	0.69058
372.5194	0.69245
372.7503	0.69431
372.9812	0.69615
373.2121	0.69798
373.4429	0.69979
373.6738	0.70158
373.9047	0.70336
374.1356	0.70511
374.3664	0.70685
374.5973	0.70857
374.8282	0.71028
375.0591	0.71196
375.2899	0.71363
375.5208	0.71528
375.7516	0.71691
375.9825	0.71852
376.2134	0.72012
376.4443	0.72169
376.6751	0.72325
376.906	0.7248
377.1369	0.72632
377.3678	0.72783
377.5986	0.72933
377.8295	0.73081
378.0604	0.73228
378.2913	0.73373
378.5221	0.73517
378.753	0.7366
378.9839	0.73801
379.2148	0.73942
379.4456	0.74081
379.6765	0.74219
379.9074	0.74357
380.1382	0.74494
380.3691	0.7463
380.6	0.74765
380.8309	0.749
381.0617	0.75035
381.2926	0.75169
381.5235	0.75302
381.7543	0.75436
381.9852	0.75569
382.2161	0.75703
382.447	0.75836
382.6778	0.75969
382.9087	0.76103
383.1396	0.76236
383.3705	0.7637
383.6013	0.76505
383.8322	0.76639
384.0631	0.76774
384.2939	0.7691
384.5248	0.77045
384.7557	0.77182
384.9866	0.77318
385.2174	0.77456
385.4483	0.77594
385.6792	0.77732
385.9101	0.77871
386.1409	0.78011
386.3718	0.78151
386.6027	0.78292
386.8336	0.78433
387.0644	0.78575
387.2953	0.78717
387.5262	0.7886
387.757	0.79003
387.9879	0.79147
388.2188	0.79291
388.4496	0.79436
388.6805	0.7958
388.9114	0.79725
389.1423	0.7987
389.3731	0.80016
389.604	0.80161
389.8349	0.80307
390.0658	0.80453
390.2966	0.80599
390.5275	0.80744
390.7584	0.8089
390.9893	0.81036
391.2201	0.81182
391.451	0.81327
391.6819	0.81473
391.9128	0.81618
392.1436	0.81763
392.3745	0.81908
392.6053	0.82053
392.8362	0.82197
393.0671	0.82341
393.298	0.82485
393.5288	0.82629
393.7597	0.82772
393.9906	0.82915
394.2215	0.83058
394.4523	0.832
394.6832	0.83343
394.9141	0.83485
395.145	0.83626
395.3758	0.83768
395.6067	0.83909
395.8376	0.8405
396.0685	0.84191
396.2993	0.84332
396.5302	0.84472
396.7611	0.84613
396.9919	0.84753
397.2228	0.84892
397.4537	0.85032
397.6846	0.85171
397.9154	0.85311
398.1463	0.8545
398.3772	0.85588
398.6081	0.85727
398.8389	0.85865
399.0698	0.86003
399.3007	0.86141
399.5315	0.86278
399.7624	0.86415
399.9933	0.86551
400.2242	0.86687
400.455	0.86823
400.6859	0.86958
400.9168	0.87092
401.1476	0.87226
401.3785	0.87359
401.6094	0.87491
401.8403	0.87622
402.0711	0.87753
402.302	0.87882
402.5329	0.88011
402.7638	0.88138
402.9946	0.88264
403.2255	0.88389
403.4564	0.88513
403.6873	0.88636
403.9181	0.88757
404.149	0.88877
404.3799	0.88995
404.6107	0.89112
404.8416	0.89227
405.0725	0.89341
405.3033	0.89453
405.5342	0.89563
405.7651	0.89671
405.996	0.89778
406.2268	0.89883
406.4577	0.89987
406.6886	0.90088
406.9195	0.90188
407.1503	0.90286
407.3812	0.90383
407.6121	0.90477
407.843	0.9057
408.0738	0.90662
408.3047	0.90751
408.5356	0.90839
408.7664	0.90926
408.9973	0.91011
409.2282	0.91094
409.459	0.91177
409.6899	0.91257
409.9208	0.91337
410.1517	0.91415
410.3825	0.91492
410.6134	0.91568
410.8443	0.91643
411.0752	0.91717
411.306	0.9179
411.5369	0.91862
411.7678	0.91933
411.9987	0.92004
412.2295	0.92074
412.4604	0.92143
412.6913	0.92212
412.9221	0.9228
413.153	0.92348
413.3839	0.92415
413.6148	0.92483
413.8456	0.92549
414.0765	0.92616
414.3074	0.92682
414.5383	0.92748
414.7691	0.92814
415	0.9288
415.2309	0.92945
415.4618	0.9301
415.6926	0.93076
415.9235	0.93141
416.1544	0.93205
416.3852	0.9327
416.6161	0.93334
416.847	0.93398
417.0779	0.93462
417.3087	0.93525
417.5396	0.93588
417.7705	0.93651
418.0013	0.93713
418.2322	0.93775
418.4631	0.93836
418.694	0.93897
418.9248	0.93957
419.1557	0.94017
419.3866	0.94076
419.6175	0.94134
419.8483	0.94191
420.0792	0.94248
420.3101	0.94304
420.541	0.94358
420.7718	0.94413
421.0027	0.94465
421.2336	0.94517
421.4644	0.94568
421.6953	0.94618
421.9262	0.94667
422.157	0.94715
422.3879	0.94761
422.6188	0.94807
422.8497	0.94851
423.0805	0.94894
423.3114	0.94935
423.5423	0.94976
423.7732	0.95015
424.004	0.95053
424.2349	0.9509
424.4658	0.95126
424.6967	0.9516
424.9275	0.95193
425.1584	0.95225
425.3893	0.95256
425.6201	0.95285
425.851	0.95314
426.0819	0.95341
426.3128	0.95367
426.5436	0.95392
426.7745	0.95415
427.0054	0.95438
427.2362	0.9546
427.4671	0.9548
427.698	0.955
427.9289	0.95518
428.1597	0.95535
428.3906	0.95552
428.6215	0.95567
428.8524	0.95581
429.0832	0.95595
429.3141	0.95608
429.545	0.95619
429.7758	0.9563
430.0067	0.9564
430.2376	0.9565
430.4685	0.95658
430.6993	0.95666
430.9302	0.95673
431.1611	0.95679
431.392	0.95684
431.6228	0.95689
431.8537	0.95693
432.0846	0.95697
432.3155	0.957
432.5463	0.95703
432.7772	0.95705
433.0081	0.95707
433.239	0.95708
433.4698	0.95709
433.7007	0.9571
433.9315	0.95711
434.1624	0.95711
434.3933	0.95712
434.6242	0.95712
434.855	0.95713
435.0859	0.95713
435.3168	0.95714
435.5798	0.95677
435.8107	0.95678
436.0415	0.9568
436.2724	0.95683
436.5033	0.95686
436.7342	0.95689
436.965	0.95694
437.1959	0.95699
437.4268	0.95705
437.6577	0.95712
437.8885	0.9572
438.1194	0.9573
438.3503	0.9574
438.5811	0.95752
438.812	0.95766
439.0429	0.95781
439.2738	0.95797
439.5046	0.95815
439.7355	0.95835
439.9664	0.95856
440.1972	0.9588
440.4281	0.95905
440.659	0.95932
440.8899	0.95961
441.1207	0.95991
441.3516	0.96024
441.5825	0.96059
441.8134	0.96095
442.0442	0.96134
442.2751	0.96175
442.506	0.96217
442.7368	0.96262
442.9677	0.96308
443.1986	0.96356
443.4295	0.96406
443.6603	0.96458
443.8912	0.96511
444.1221	0.96566
444.353	0.96622
444.5838	0.9668
444.8147	0.96739
445.0456	0.96799
445.2765	0.9686
445.5073	0.96923
445.7382	0.96986
445.9691	0.9705
446.2	0.97115
446.4308	0.9718
446.6617	0.97246
446.8925	0.97312
447.1234	0.97378
447.3543	0.97445
447.5852	0.97511
447.816	0.97577
448.0469	0.97643
448.2778	0.97708
448.5087	0.97772
448.7395	0.97836
448.9704	0.97899
449.2013	0.97962
449.4322	0.98023
449.663	0.98083
449.8939	0.98142
450.1248	0.98199
450.3557	0.98256
450.5865	0.9831
450.8174	0.98364
451.0482	0.98416
451.2791	0.98466
451.51	0.98514
451.7409	0.98561
451.9717	0.98606
452.2026	0.98649
452.4335	0.9869
452.6644	0.9873
452.8952	0.98768
453.1261	0.98804
453.357	0.98838
453.5879	0.98871
453.8187	0.98902
454.0496	0.98931
454.2805	0.98958
454.5114	0.98984
454.7422	0.99009
454.9731	0.99032
455.204	0.99053
455.4348	0.99073
455.6657	0.99092
455.8966	0.9911
456.1275	0.99126
456.3583	0.99141
456.5892	0.99156
456.8201	0.99169
457.051	0.99182
457.2818	0.99194
457.5127	0.99205
457.7436	0.99215
457.9744	0.99226
458.2053	0.99235
458.4362	0.99244
458.6671	0.99253
458.8979	0.99262
459.1288	0.99271
459.3597	0.99279
459.5905	0.99288
459.8214	0.99296
460.0523	0.99305
460.2832	0.99314
460.514	0.99323
460.7449	0.99332
460.9758	0.99342
461.2067	0.99352
461.4375	0.99362
461.6684	0.99373
461.8993	0.99384
462.1302	0.99396
462.361	0.99408
462.5919	0.99421
462.8228	0.99434
463.0536	0.99447
463.2845	0.99461
463.5154	0.99476
463.7462	0.99491
463.9771	0.99506
464.208	0.99522
464.4389	0.99539
464.6697	0.99555
464.9006	0.99572
465.1315	0.9959
465.3624	0.99607
465.5932	0.99625
465.8241	0.99643
466.055	0.99661
466.2859	0.9968
466.5167	0.99698
466.7476	0.99716
466.9785	0.99735
467.2094	0.99753
467.4402	0.99771
467.6711	0.99789
467.9019	0.99806
468.1328	0.99823
468.3637	0.9984
468.5946	0.99856
468.8254	0.99871
469.0563	0.99886
469.2872	0.99901
469.5181	0.99914
469.7489	0.99927
469.9798	0.99939
470.2107	0.9995
470.4416	0.9996
470.6724	0.99969
470.9033	0.99977
471.1342	0.99984
471.3651	0.99989
471.5959	0.99994
471.8268	0.99997
472.0577	0.99999
472.2885	1
472.5194	0.99999
472.7503	0.99998
472.9812	0.99994
473.212	0.9999
473.4429	0.99984
473.6738	0.99977
473.9047	0.99968
474.1355	0.99958
474.3664	0.99947
474.5973	0.99934
474.8281	0.99921
475.059	0.99905
475.2899	0.99889
475.5208	0.99872
475.7516	0.99853
475.9825	0.99833
476.2134	0.99813
476.4442	0.99791
476.6751	0.99768
476.906	0.99745
477.1369	0.99721
477.3677	0.99696
477.5986	0.9967
477.8295	0.99644
478.0604	0.99617
478.2912	0.9959
478.5221	0.99563
478.753	0.99535
478.9839	0.99507
479.2147	0.99479
479.4456	0.99451
479.6765	0.99422
479.9073	0.99394
480.1382	0.99367
480.3691	0.99339
480.5999	0.99311
480.8308	0.99284
481.0617	0.99257
481.2926	0.99231
481.5234	0.99205
481.7543	0.9918
481.9852	0.99155
482.2161	0.99131
482.4469	0.99107
482.6778	0.99084
482.9087	0.99061
483.1396	0.99039
483.3704	0.99018
483.6013	0.98997
483.8322	0.98976
484.063	0.98956
484.2939	0.98937
484.5248	0.98918
484.7557	0.98899
484.9865	0.98881
485.2174	0.98862
485.4483	0.98844
485.6791	0.98827
485.91	0.98809
486.1409	0.98791
486.3718	0.98773
486.6026	0.98755
486.8335	0.98736
487.0644	0.98717
487.2953	0.98698
487.5261	0.98678
487.757	0.98657
487.9879	0.98635
488.2188	0.98613
488.4496	0.9859
488.6805	0.98565
488.9114	0.9854
489.1422	0.98513
489.3731	0.98485
489.604	0.98455
489.8349	0.98425
490.0657	0.98392
490.2966	0.98358
490.5275	0.98322
490.7584	0.98285
490.9892	0.98245
491.2201	0.98204
491.451	0.98161
491.6819	0.98117
491.9127	0.9807
492.1436	0.98021
492.3745	0.97971
492.6053	0.97919
492.8362	0.97864
493.0671	0.97808
493.2979	0.9775
493.5288	0.9769
493.7597	0.97628
493.9906	0.97564
494.2214	0.97499
494.4523	0.97432
494.6832	0.97363
494.9141	0.97292
495.1449	0.9722
495.3758	0.97147
495.6067	0.97072
495.8376	0.96995
496.0684	0.96918
496.2993	0.96839
496.5302	0.96759
496.761	0.96677
496.9919	0.96595
497.2228	0.96512
497.4536	0.96427
497.6845	0.96342
497.9154	0.96256
498.1463	0.96169
498.3771	0.96082
498.608	0.95994
498.8389	0.95905
499.0698	0.95815
499.3006	0.95726
499.5315	0.95635
499.7624	0.95544
499.9933	0.95452
500.2241	0.95361
500.455	0.95268
500.6859	0.95175
500.9167	0.95082
501.1476	0.94988
501.3785	0.94894
501.6094	0.948
501.8402	0.94705
502.0711	0.9461
502.302	0.94514
502.5328	0.94417
502.7637	0.9432
502.9946	0.94223
503.2255	0.94125
503.4563	0.94027
503.6872	0.93928
503.9181	0.93828
504.149	0.93727
504.3798	0.93627
504.6107	0.93525
504.8416	0.93422
505.0724	0.93319
505.3033	0.93216
505.5342	0.93111
505.7651	0.93006
505.9959	0.929
506.2268	0.92793
506.4577	0.92686
506.6886	0.92577
506.9194	0.92468
507.1503	0.92359
507.3812	0.92248
507.6121	0.92137
507.8429	0.92025
508.0738	0.91913
508.3047	0.918
508.5356	0.91687
508.7664	0.91573
508.9973	0.91458
509.2281	0.91343
509.459	0.91228
509.6899	0.91112
509.9208	0.90997
510.1516	0.90881
510.3825	0.90764
510.6134	0.90648
510.8443	0.90532
511.0751	0.90416
511.306	0.903
511.5369	0.90184
511.7678	0.90068
511.9986	0.89952
512.2295	0.89837
512.4604	0.89722
512.6912	0.89608
512.9221	0.89494
513.153	0.89381
513.3839	0.89268
513.6147	0.89156
513.8456	0.89044
514.0765	0.88933
514.3074	0.88823
514.5382	0.88713
514.7691	0.88604
515	0.88496
515.2308	0.88388
515.4617	0.88281
515.6926	0.88175
515.9235	0.88069
516.1544	0.87965
516.3852	0.8786
516.6161	0.87757
516.8469	0.87654
517.0778	0.87551
517.3087	0.87449
517.5396	0.87347
517.7704	0.87246
518.0013	0.87145
518.2322	0.87044
518.4631	0.86944
518.6939	0.86844
518.9248	0.86744
519.1557	0.86644
519.3865	0.86544
519.6174	0.86443
519.8483	0.86343
520.0792	0.86243
520.3101	0.86142
520.5409	0.86041
520.7718	0.85939
521.0027	0.85838
521.2335	0.85735
521.4644	0.85633
521.6953	0.85529
521.9261	0.85425
522.157	0.85321
522.3879	0.85215
522.6188	0.85109
522.8497	0.85002
523.0805	0.84895
523.3114	0.84786
523.5422	0.84677
523.7731	0.84567
524.004	0.84456
524.2349	0.84344
524.4658	0.84231
524.6966	0.84118
524.9275	0.84003
525.1584	0.83888
525.3892	0.83772
525.6201	0.83655
525.851	0.83537
526.0818	0.83418
526.3127	0.83299
526.5436	0.83178
526.7745	0.83057
527.0054	0.82936
527.2362	0.82813
527.4671	0.8269
527.6979	0.82566
527.9288	0.82442
528.1597	0.82317
528.3906	0.82191
528.6215	0.82065
528.8524	0.81939
529.0832	0.81811
529.3141	0.81684
529.5449	0.81556
529.7758	0.81427
530.0067	0.81298
530.2375	0.81169
530.4684	0.8104
530.6993	0.8091
530.9302	0.8078
531.1611	0.80649
531.3919	0.80518
531.6228	0.80387
531.8537	0.80256
532.0845	0.80125
532.3154	0.79993
532.5463	0.79861
532.7772	0.79729
533.0081	0.79596
533.2389	0.79464
533.4698	0.79331
533.7006	0.79198
533.9315	0.79065
534.1624	0.78932
534.3932	0.78799
534.6241	0.78665
534.855	0.78532
535.0859	0.78398
535.3168	0.78264
535.5798	0.78113
535.8107	0.77979
536.0416	0.77845
536.2724	0.7771
536.5033	0.77576
536.7341	0.77442
536.965	0.77307
537.1959	0.77173
537.4268	0.77038
537.6577	0.76904
537.8885	0.76769
538.1194	0.76634
538.3503	0.765
538.5811	0.76365
538.812	0.7623
539.0429	0.76096
539.2737	0.75961
539.5046	0.75827
539.7355	0.75693
539.9664	0.75558
540.1973	0.75424
540.4281	0.7529
540.659	0.75157
540.8899	0.75023
541.1207	0.7489
541.3516	0.74757
541.5825	0.74624
541.8134	0.74491
542.0443	0.74359
542.2751	0.74227
542.506	0.74095
542.7369	0.73963
542.9677	0.73832
543.1986	0.73702
543.4294	0.73571
543.6603	0.73441
543.8912	0.73312
544.1221	0.73183
544.353	0.73054
544.5838	0.72926
544.8147	0.72799
545.0456	0.72672
545.2764	0.72545
545.5073	0.72419
545.7382	0.72294
545.9691	0.72169
546.2	0.72045
546.4308	0.71921
546.6617	0.71799
546.8926	0.71676
547.1234	0.71555
547.3543	0.71434
547.5851	0.71314
547.816	0.71194
548.0469	0.71075
548.2778	0.70958
548.5087	0.7084
548.7396	0.70724
548.9704	0.70609
549.2013	0.70494
549.4321	0.7038
549.663	0.70267
549.8939	0.70155
550.1248	0.70044
550.3557	0.69934
550.5865	0.69825
550.8174	0.69717
551.0483	0.6961
551.2791	0.69504
551.51	0.69399
551.7409	0.69295
551.9717	0.69192
552.2026	0.6909
552.4335	0.68989
552.6644	0.68889
552.8953	0.68791
553.1261	0.68693
553.357	0.68597
553.5879	0.68502
553.8187	0.68408
554.0496	0.68315
554.2805	0.68223
554.5114	0.68132
554.7422	0.68043
554.9731	0.67954
555.204	0.67867
555.4348	0.67781
555.6657	0.67696
555.8966	0.67611
556.1274	0.67528
556.3583	0.67446
556.5892	0.67365
556.8201	0.67285
557.051	0.67206
557.2818	0.67128
557.5127	0.6705
557.7436	0.66974
557.9744	0.66898
558.2053	0.66823
558.4362	0.66749
558.6671	0.66676
558.8979	0.66603
559.1288	0.66531
559.3597	0.66459
559.5906	0.66389
559.8214	0.66318
560.0523	0.66248
560.2831	0.66179
560.514	0.6611
560.7449	0.66042
560.9758	0.65973
561.2067	0.65906
561.4375	0.65838
561.6684	0.65771
561.8993	0.65704
562.1301	0.65637
562.361	0.65571
562.5919	0.65505
562.8228	0.65439
563.0536	0.65373
563.2845	0.65307
563.5154	0.65241
563.7463	0.65175
563.9771	0.6511
564.208	0.65044
564.4388	0.64979
564.6697	0.64914
564.9006	0.64848
565.1315	0.64783
565.3624	0.64718
565.5933	0.64652
565.8241	0.64587
566.055	0.64522
566.2858	0.64457
566.5167	0.64392
566.7476	0.64326
566.9785	0.64261
567.2094	0.64196
567.4402	0.6413
567.6711	0.64065
567.902	0.63999
568.1328	0.63934
568.3637	0.63868
568.5946	0.63802
568.8254	0.63736
569.0563	0.6367
569.2872	0.63604
569.5181	0.63538
569.749	0.63471
569.9798	0.63404
570.2107	0.63337
570.4416	0.6327
570.6724	0.63202
570.9033	0.63134
571.1342	0.63066
571.3651	0.62997
571.5959	0.62928
571.8268	0.62859
572.0577	0.62789
572.2885	0.62719
572.5194	0.62648
572.7503	0.62576
572.9811	0.62505
573.212	0.62432
573.4429	0.62359
573.6738	0.62285
573.9047	0.62211
574.1355	0.62137
574.3664	0.62061
574.5973	0.61985
574.8281	0.61909
575.059	0.61831
575.2899	0.61754
575.5208	0.61675
575.7516	0.61596
575.9825	0.61517
576.2134	0.61437
576.4443	0.61356
576.6751	0.61275
576.906	0.61194
577.1368	0.61112
577.3677	0.6103
577.5986	0.60947
577.8295	0.60864
578.0604	0.60781
578.2912	0.60698
578.5221	0.60614
578.753	0.60531
578.9838	0.60447
579.2147	0.60364
579.4456	0.6028
579.6765	0.60197
579.9073	0.60114
580.1382	0.60031
580.3691	0.59949
580.6	0.59867
580.8308	0.59785
581.0617	0.59704
581.2926	0.59623
581.5234	0.59543
581.7543	0.59463
581.9852	0.59384
582.2161	0.59305
582.447	0.59228
582.6778	0.59151
582.9087	0.59074
583.1395	0.58999
583.3704	0.58924
583.6013	0.5885
583.8322	0.58776
584.063	0.58704
584.2939	0.58632
584.5248	0.5856
584.7557	0.58489
584.9865	0.58419
585.2174	0.58349
585.4483	0.5828
585.6791	0.58211
585.91	0.58143
586.1409	0.58075
586.3718	0.58007
586.6027	0.57939
586.8335	0.57872
587.0644	0.57804
587.2953	0.57736
587.5261	0.57669
587.757	0.57601
587.9879	0.57532
588.2188	0.57464
588.4496	0.57395
588.6805	0.57325
588.9114	0.57255
589.1422	0.57184
589.3731	0.57113
589.604	0.5704
589.8348	0.56967
590.0657	0.56893
590.2966	0.56817
590.5275	0.56741
590.7584	0.56664
590.9892	0.56585
591.2201	0.56506
591.451	0.56425
591.6818	0.56343
591.9127	0.56259
592.1436	0.56175
592.3745	0.56089
592.6053	0.56002
592.8362	0.55914
593.0671	0.55824
593.298	0.55734
593.5288	0.55642
593.7597	0.55549
593.9905	0.55455
594.2214	0.5536
594.4523	0.55264
594.6832	0.55167
594.9141	0.55069
595.145	0.54971
595.3758	0.54871
595.6067	0.54771
595.8375	0.5467
596.0684	0.54569
596.2993	0.54467
596.5302	0.54365
596.761	0.54263
596.9919	0.5416
597.2228	0.54057
597.4537	0.53954
597.6845	0.53851
597.9154	0.53747
598.1463	0.53644
598.3771	0.53541
598.608	0.53438
598.8389	0.53335
599.0698	0.53232
599.3007	0.5313
599.5315	0.53027
599.7624	0.52925
599.9932	0.52824
600.2241	0.52723
600.455	0.52621
600.6859	0.52521
600.9167	0.52421
601.1476	0.5232
601.3785	0.52221
601.6094	0.52121
601.8402	0.52022
602.0711	0.51923
602.302	0.51825
602.5328	0.51726
602.7637	0.51628
602.9946	0.5153
603.2255	0.51432
603.4564	0.51334
603.6872	0.51236
603.9181	0.51138
604.149	0.5104
604.3798	0.50942
604.6107	0.50844
604.8416	0.50745
605.0724	0.50647
605.3033	0.50548
605.5342	0.50449
605.7651	0.5035
605.9959	0.5025
606.2268	0.5015
606.4577	0.5005
606.6885	0.4995
606.9194	0.49849
607.1503	0.49747
607.3812	0.49646
607.6121	0.49544
607.8429	0.49442
608.0738	0.49339
608.3047	0.49236
608.5355	0.49133
608.7664	0.4903
608.9973	0.48926
609.2281	0.48822
609.459	0.48718
609.6899	0.48614
609.9208	0.4851
610.1517	0.48406
610.3825	0.48301
610.6134	0.48197
610.8442	0.48093
611.0751	0.47989
611.306	0.47885
611.5369	0.47782
611.7678	0.47679
611.9987	0.47576
612.2295	0.47473
612.4604	0.47371
612.6912	0.47269
612.9221	0.47168
613.153	0.47068
613.3839	0.46968
613.6147	0.46868
613.8456	0.46769
614.0765	0.46671
614.3074	0.46573
614.5382	0.46477
614.7691	0.4638
615	0.46285
615.2308	0.4619
615.4617	0.46096
615.6926	0.46003
615.9235	0.4591
616.1544	0.45818
616.3852	0.45726
616.6161	0.45636
616.8469	0.45546
617.0778	0.45456
617.3087	0.45367
617.5396	0.45278
617.7704	0.4519
618.0013	0.45103
618.2322	0.45016
618.4631	0.44929
618.6939	0.44843
618.9248	0.44756
619.1557	0.44671
619.3865	0.44585
619.6174	0.44499
619.8483	0.44414
620.0792	0.44329
620.3101	0.44244
620.5409	0.44159
620.7718	0.44073
621.0027	0.43988
621.2335	0.43903
621.4644	0.43818
621.6953	0.43732
621.9261	0.43646
622.157	0.43561
622.3879	0.43475
622.6188	0.43388
622.8497	0.43302
623.0805	0.43215
623.3114	0.43128
623.5422	0.43041
623.7731	0.42954
624.004	0.42866
624.2349	0.42778
624.4658	0.4269
624.6966	0.42602
624.9275	0.42513
625.1584	0.42425
625.3892	0.42336
625.6201	0.42246
625.851	0.42157
626.0818	0.42068
626.3127	0.41978
626.5436	0.41889
626.7745	0.41799
627.0054	0.41709
627.2362	0.41619
627.4671	0.41529
627.6979	0.41439
627.9288	0.41349
628.1597	0.4126
628.3906	0.4117
628.6215	0.4108
628.8524	0.4099
629.0832	0.409
629.3141	0.40811
629.5449	0.40721
629.7758	0.40632
630.0067	0.40542
630.2375	0.40453
630.4684	0.40364
630.6993	0.40275
630.9302	0.40186
631.1611	0.40097
631.3919	0.40008
631.6228	0.3992
631.8537	0.39831
632.0845	0.39743
632.3154	0.39654
632.5463	0.39566
632.7772	0.39478
633.0081	0.3939
633.2389	0.39302
633.4698	0.39214
633.7006	0.39126
633.9315	0.39039
634.1624	0.38951
634.3932	0.38863
634.6241	0.38776
634.855	0.38688
635.0859	0.38601
635.3168	0.38513
635.5798	0.38422
635.8107	0.38334
636.0416	0.38247
636.2724	0.38159
636.5033	0.38072
636.7341	0.37985
636.965	0.37897
637.1959	0.3781
637.4268	0.37723
637.6577	0.37636
637.8885	0.37549
638.1194	0.37462
638.3503	0.37375
638.5811	0.37288
638.812	0.37201
639.0429	0.37114
639.2737	0.37027
639.5046	0.36941
639.7355	0.36854
639.9664	0.36768
640.1973	0.36682
640.4281	0.36595
640.659	0.36509
640.8899	0.36423
641.1207	0.36338
641.3516	0.36252
641.5825	0.36166
641.8134	0.36081
642.0443	0.35995
642.2751	0.3591
642.506	0.35825
642.7369	0.3574
642.9677	0.35655
643.1986	0.35571
643.4294	0.35486
643.6603	0.35402
643.8912	0.35317
644.1221	0.35233
644.353	0.35149
644.5838	0.35065
644.8147	0.34981
645.0456	0.34897
645.2764	0.34814
645.5073	0.3473
645.7382	0.34647
645.9691	0.34563
646.2	0.3448
646.4308	0.34397
646.6617	0.34314
646.8926	0.34231
647.1234	0.34148
647.3543	0.34065
647.5851	0.33983
647.816	0.339
648.0469	0.33818
648.2778	0.33735
648.5087	0.33653
648.7396	0.33572
648.9704	0.3349
649.2013	0.33408
649.4321	0.33327
649.663	0.33246
649.8939	0.33165
650.1248	0.33084
650.3557	0.33004
650.5865	0.32924
650.8174	0.32844
651.0483	0.32765
651.2791	0.32686
651.51	0.32607
651.7409	0.32529
651.9717	0.32451
652.2026	0.32374
652.4335	0.32297
652.6644	0.3222
652.8953	0.32144
653.1261	0.32069
653.357	0.31994
653.5879	0.31919
653.8187	0.31845
654.0496	0.31772
654.2805	0.31699
654.5114	0.31626
654.7422	0.31554
654.9731	0.31483
655.204	0.31412
655.4348	0.31342
655.6657	0.31272
655.8966	0.31202
656.1274	0.31134
656.3583	0.31065
656.5892	0.30997
656.8201	0.3093
657.051	0.30863
657.2818	0.30796
657.5127	0.3073
657.7436	0.30664
657.9744	0.30599
658.2053	0.30534
658.4362	0.30469
658.6671	0.30404
658.8979	0.3034
659.1288	0.30276
659.3597	0.30212
659.5906	0.30148
659.8214	0.30085
660.0523	0.30022
660.2831	0.29958
660.514	0.29895
660.7449	0.29832
660.9758	0.2977
661.2067	0.29707
661.4375	0.29644
661.6684	0.29582
661.8993	0.29519
662.1301	0.29457
662.361	0.29395
662.5919	0.29333
662.8228	0.29271
663.0536	0.29209
663.2845	0.29147
663.5154	0.29085
663.7463	0.29024
663.9771	0.28962
664.208	0.28901
664.4388	0.2884
664.6697	0.2878
664.9006	0.28719
665.1315	0.28659
665.3624	0.286
665.5933	0.2854
665.8241	0.28481
666.055	0.28423
666.2858	0.28365
666.5167	0.28307
666.7476	0.2825
666.9785	0.28194
667.2094	0.28138
667.4402	0.28082
667.6711	0.28028
667.902	0.27973
668.1328	0.2792
668.3637	0.27867
668.5946	0.27815
668.8254	0.27763
669.0563	0.27712
669.2872	0.27662
669.5181	0.27613
669.749	0.27564
669.9798	0.27516
670.2107	0.27468
670.4416	0.27421
670.6724	0.27375
670.9033	0.2733
671.1342	0.27284
671.3651	0.2724
671.5959	0.27196
671.8268	0.27152
672.0577	0.27109
672.2885	0.27067
672.5194	0.27025
672.7503	0.26983
672.9811	0.26941
673.212	0.269
673.4429	0.26859
673.6738	0.26818
673.9047	0.26777
674.1355	0.26737
674.3664	0.26696
674.5973	0.26655
674.8281	0.26615
675.059	0.26574
675.2899	0.26534
675.5208	0.26493
675.7516	0.26452
675.9825	0.26411
676.2134	0.2637
676.4443	0.26329
676.6751	0.26288
676.906	0.26246
677.1368	0.26204
677.3677	0.26162
677.5986	0.2612
677.8295	0.26078
678.0604	0.26035
678.2912	0.25992
678.5221	0.25949
678.753	0.25906
678.9838	0.25863
679.2147	0.2582
679.4456	0.25777
679.6765	0.25733
679.9073	0.2569
680.1382	0.25647
680.3691	0.25604
680.6	0.25561
680.8308	0.25518
681.0617	0.25475
681.2926	0.25433
681.5234	0.25391
681.7543	0.25349
681.9852	0.25307
682.2161	0.25266
682.447	0.25226
682.6778	0.25185
682.9087	0.25146
683.1395	0.25106
683.3704	0.25068
683.6013	0.25029
683.8322	0.24992
684.063	0.24954
684.2939	0.24918
684.5248	0.24882
684.7557	0.24846
684.9865	0.24811
685.2174	0.24777
685.4483	0.24743
685.6791	0.2471
685.91	0.24677
686.1409	0.24644
686.3718	0.24612
686.6027	0.24581
686.8335	0.2455
687.0644	0.24519
687.2953	0.24488
687.5261	0.24458
687.757	0.24427
687.9879	0.24397
688.2188	0.24367
688.4496	0.24337
688.6805	0.24307
688.9114	0.24277
689.1422	0.24247
689.3731	0.24216
689.604	0.24186
689.8348	0.24154
690.0657	0.24123
690.2966	0.24091
690.5275	0.24059
690.7584	0.24026
690.9892	0.23993
691.2201	0.23959
691.451	0.23925
691.6818	0.2389
691.9127	0.23854
692.1436	0.23817
692.3745	0.2378
692.6053	0.23742
692.8362	0.23704
693.0671	0.23665
693.298	0.23625
693.5288	0.23584
693.7597	0.23542
693.9905	0.235
694.2214	0.23457
694.4523	0.23414
694.6832	0.2337
694.9141	0.23325
695.145	0.2328
695.3758	0.23234
695.6067	0.23187
695.8375	0.23141
696.0684	0.23093
696.2993	0.23046
696.5302	0.22998
696.761	0.22949
696.9919	0.22901
697.2228	0.22852
697.4537	0.22803
697.6845	0.22754
697.9154	0.22705
698.1463	0.22656
698.3771	0.22607
698.608	0.22558
698.8389	0.2251
699.0698	0.22461
699.3007	0.22413
699.5315	0.22364
699.7624	0.22316
699.9932	0.22269
700.2241	0.22221
700.455	0.22174
700.6859	0.22127
700.9167	0.22081
701.1476	0.22035
701.3785	0.21989
701.6094	0.21944
701.8402	0.21899
702.0711	0.21855
702.302	0.21811
702.5328	0.21767
702.7637	0.21723
702.9946	0.2168
703.2255	0.21637
703.4564	0.21595
703.6872	0.21553
703.9181	0.21511
704.149	0.21469
704.3798	0.21427
704.6107	0.21386
704.8416	0.21345
705.0724	0.21304
705.3033	0.21263
705.5342	0.21222
705.7651	0.21181
705.9959	0.2114
706.2268	0.21099
706.4577	0.21058
706.6885	0.21017
706.9194	0.20976
707.1503	0.20935
707.3812	0.20894
707.6121	0.20853
707.8429	0.20812
708.0738	0.2077
708.3047	0.20729
708.5355	0.20687
708.7664	0.20645
708.9973	0.20603
709.2281	0.20561
709.459	0.20519
709.6899	0.20476
709.9208	0.20434
710.1517	0.20391
710.3825	0.20348
710.6134	0.20305
710.8442	0.20262
711.0751	0.20219
711.306	0.20176
711.5369	0.20133
711.7678	0.2009
711.9987	0.20047
712.2295	0.20004
712.4604	0.19961
712.6912	0.19918
712.9221	0.19875
713.153	0.19833
713.3839	0.1979
713.6147	0.19748
713.8456	0.19705
714.0765	0.19663
714.3074	0.19621
714.5382	0.19579
714.7691	0.19538
715	0.19497
715.2308	0.19455
715.4617	0.19415
715.6926	0.19374
715.9235	0.19333
716.1544	0.19293
716.3852	0.19253
716.6161	0.19213
716.8469	0.19174
717.0778	0.19135
717.3087	0.19095
717.5396	0.19056
717.7704	0.19018
718.0013	0.18979
718.2322	0.18941
718.4631	0.18902
718.6939	0.18864
718.9248	0.18826
719.1557	0.18788
719.3865	0.1875
719.6174	0.18711
719.8483	0.18673
720.0792	0.18635
720.3101	0.18597
720.5409	0.18559
720.7718	0.18521
721.0027	0.18483
721.2335	0.18444
721.4644	0.18405
721.6953	0.18367
721.9261	0.18328
722.157	0.18289
722.3879	0.1825
722.6188	0.1821
722.8497	0.18171
723.0805	0.18131
723.3114	0.18091
723.5422	0.1805
723.7731	0.1801
724.004	0.17969
724.2349	0.17928
724.4658	0.17887
724.6966	0.17846
724.9275	0.17804
725.1584	0.17763
725.3892	0.17721
725.6201	0.17679
725.851	0.17637
726.0818	0.17594
726.3127	0.17552
726.5436	0.17509
726.7745	0.17466
727.0054	0.17424
727.2362	0.17381
727.4671	0.17338
727.6979	0.17295
727.9288	0.17252
728.1597	0.17209
728.3906	0.17166
728.6215	0.17123
728.8524	0.1708
729.0832	0.17037
729.3141	0.16995
729.5449	0.16952
729.7758	0.16909
730.0067	0.16867
730.2375	0.16825
730.4684	0.16783
730.6993	0.1674
730.9302	0.16699
731.1611	0.16657
731.3919	0.16615
731.6228	0.16574
731.8537	0.16532
732.0845	0.16491
732.3154	0.1645
732.5463	0.16409
732.7772	0.16368
733.0081	0.16327
733.2389	0.16287
733.4698	0.16246
733.7006	0.16206
733.9315	0.16165
734.1624	0.16125
734.3932	0.16085
734.6241	0.16045
734.855	0.16004
735.0859	0.15964
735.3168	0.15924
735.5476	0.15883
735.7785	0.15843
736.0094	0.15802
736.2402	0.15762
736.4711	0.15721
736.702	0.1568
736.9329	0.15639
737.1638	0.15598
737.3946	0.15557
737.6255	0.15516
737.8564	0.15474
738.0872	0.15432
738.3181	0.1539
738.549	0.15348
738.7798	0.15306
739.0107	0.15263
739.2416	0.15221
739.4725	0.15178
739.7034	0.15134
739.9342	0.15091
740.1651	0.15048
740.3959	0.15004
740.6268	0.1496
740.8577	0.14916
741.0886	0.14872
741.3195	0.14828
741.5503	0.14784
741.7812	0.1474
742.0121	0.14695
742.2429	0.14651
742.4738	0.14607
742.7047	0.14563
742.9355	0.14519
743.1664	0.14475
743.3973	0.14431
743.6282	0.14387
743.8591	0.14344
744.0899	0.14301
744.3208	0.14258
744.5516	0.14215
744.7825	0.14173
745.0134	0.14132
745.2443	0.14091
745.4752	0.1405
745.7061	0.1401
745.9369	0.1397
746.1678	0.13931
746.3986	0.13893
746.6295	0.13855
746.8604	0.13818
747.0912	0.13782
747.3221	0.13747
747.553	0.13712
747.7839	0.13679
748.0148	0.13646
748.2456	0.13614
748.4765	0.13583
748.7074	0.13553
748.9382	0.13524
749.1691	0.13496
749.4	0.13468
749.6309	0.13442
749.8618	0.13417
750.0926	0.13393
750.3235	0.1337
750.5544	0.13348
750.7852	0.13327
751.0161	0.13308
751.2469	0.13289
751.4778	0.13271
751.7087	0.13254
751.9396	0.13238
752.1705	0.13224
752.4013	0.1321
752.6322	0.13197
752.8631	0.13185
753.0939	0.13174
753.3248	0.13164
753.5557	0.13155
